[fiducial0]
x=311.63125507294063
y=-0.6786677075780505
z=-2.3990781896430944
[fiducial1]
x=261.39775507294064
y=21.040032292421948
z=-34.84407818964309
[fiducial2]
x=219.50065507294062
y=-22.42776770757805
z=30.028521810356903
[fiducial3]
x=201.47975507294063
y=-0.3762677075780505
z=-2.3226781896430944
[fiducial4]
x=151.26365507294062
y=-0.7167677075780505
z=-2.4188781896430944
[geometry]
count=5
id=110020
