[fiducial0]
x=151.57261812969512
y=-0.6540133381851687
z=-2.393301095068913
[fiducial1]
x=201.66261812969512
y=-0.4720803381851687
z=-2.393301095068913
[fiducial2]
x=219.72811812969513
y=-22.41901333818517
z=30.008698904931087
[fiducial3]
x=261.5946181296951
y=21.02838666181483
z=-34.833001095068916
[fiducial4]
x=311.7556181296951
y=-0.6540133381851687
z=-2.393301095068913
[geometry]
count=5
id=11002
