[fiducial0]
x=-310.2678219683503
y=-0.3116257420298576
z=0.8165213871357291
[fiducial1]
x=-260.55404508351
y=-15.395006425361306
z=36.444820887056046
[fiducial2]
x=-218.23197637917053
y=14.455003728191903
z=-35.77589941313162
[fiducial3]
x=-200.27470204750347
y=-0.5344841026161994
z=0.11708429966811607
[fiducial4]
x=-150.274924511011
y=-0.9372187495233435
z=-0.23166702354704638
[geometry]
count=5
id=11005
