[geometry]
count=4
id=4330
[fiducial0]
x=58.72267676367
y=-50.0365099521067
z=0.0183430621662279
[fiducial1]
x=0
y=0
z=0
[fiducial2]
x=44.6472916458661
y=16.5738749557789
z=0.0306505673177794
[fiducial3]
x=96.280289953498
y=0
z=0





