[fiducial0]
x=-223.93288775983987
y=116.8123426444959
z=-64.774066178163
[fiducial1]
x=-201.06848775983988
y=162.21224264449592
z=-64.68786617816299
[fiducial2]
x=-108.16328775983987
y=64.71664264449589
z=-64.761966178163
[fiducial3]
x=-66.38918775983987
y=116.8146426444959
z=-64.761666178163
[geometry]
count=4
id=51001
