[fiducial0]
x=-9.79579
y=-41.5367
z=69.4808
[fiducial1]
x=74.8472
y=53.9577
z=80.2191
[fiducial2]
x=127.418
y=-1.8682
z=2.28348
[fiducial3]
x=41.7829
y=-89.608
z=-1.49379
[geometry]
count=4
id=1234
